4702912
4386033
2576387
9411597
613065
5127523
1076381
1829136
5434266
1646861
4833090
1431170
6485230
4448910
3504418
3910790
1800667
2048506
2622236
2529227
612000
3285218
1854028
3625062
5477894
2706032
2842726
662475
2605938
2860150
7453772
4269895
4361751
3281487
1103226
3446314
6839742
818375
3944186
4454619
3215060
610333
1056852
1838015
3500924
738811
5379863
1562629
6102993
4976379
5536688
2652744
4024431
1143625
6020842
5984396
3051125
1174546
7807674
2803943
3340673
4544536
8212460
7987523
4715969
7172828
6426848
4416582
7018370
8883548
3064293
3052915
3101037
3351021
3319317
4262223
3630082
2119446
13745
