21340
515038
175152
33922
75120
25491
53654
52075
58132
53875
70994
47964
58970
60937
46753
20236
24284
28974
28600
28964
11262
16181
22500
16064
53750
70277
24546
42206
313599
23825
8280
56391
43496
12423
13518
23958
128710
43083
59261
35004
132971
18404
18404
39452
70936
102197
13458
11530
7835
7821
7738
73790
25944
63588
16277
82196
7694
33823
277892
7176
73780
10796
23978
12336
27492
190029
197052
7660
41867
16538
39191
17722
7987
9463
175979
73977
52645
59409
57989
17360
61829
24326
3447
21603
54681
19171
23481
53018
15310
14003
15001
10553
14189
17538
39006
32422
7789
11075
155059
33217
29297
24922
33811
28717
33752
41571
19115
41507
74762
16719
56046
35886
43752
209886
34986
54198
34077
77037
33385
43340
20400
32088
27340
7748
273128
153414
153330
154560
36433
29045
12244
8120
11276
46826
12240
16113
10570
14285
8910
23258
197889
42574
15515
39902
17632
31975
55616
67094
28871
129586
53518
60830
68841
7711
12468
8971
11973
50952
30940
30786
25646
26698
25646
8952
19043
7033
31178
8079
3479
29694
19058
22494
15510
3234
75941
24399
3138
8379
27449
7961
6233
29047
32788
28022
35112
12444
23888
37509
175789
55967
15754
216413
25977
177216
33991
10322
25109
36769
9761
9755
7726
6237
7943
25617
31487
25172
17885
131239
37402
58354
21715
65826
21163
32558
33731
34906
38194
153414
9163
9158
48473
43523
13036
17915
22480
49316
57386
64524
104210
7860
16737
16762
16970
28972
51022
21076
22317
59117
22578
52205
26788
11216
27070
15093
28540
36010
29304
22680
6134
41545
29290
20821
45968
70428
47084
37253
20609
64294
20706
23813
12562
18990
17792
11184
11219
58442
6111
8397
11220
12283
21397
19730
8465
8902
8942
8856
10893
10893
31201
35108
15762
14859
19165
14466
18925
18955
63461
21022
73080
25830
3353
27974
6762
3018
8150
43925
19595
40178
169582
7414
171018
23748
69954
55253
92761
58664
56064
58561
20082
11200
33730
33730
27401
42486
43397
61861
40185
7959
79913
48474
16671
77057
59816
59821
59811
22297
68067
39418
47274
19046
46832
20196
41419
23598
351044
26053
2612
14131
15300
101463
20720
10798
20624
11944
13198
