125025
259578
2151364
39203
912562
3173528
421683
3044281
156129
374864
47115
24657
253794
294
138
10685
49437
174784
622743
5987564
1581283
929
361751
1082836
1242962
190103
42346
2243928
1972606
46576
724711
3065373
434181
458601
6143880
1786355
242835
117661
8513468
378832
2830301
2760
112179
112179
443366
1722890
42372
45377
847054
442990
1487750
89261
41784
132
3398213
313198
1010966
310903
428026
693924
90328
418284
94036
717902
57878
1031667
2000416
157952
135111
328720
537788
221397
57550
58660
6841
766038
0
2224964
2300249
0
482
434999
1554203
8892256
354930
0
3060849
507491
177268
3822658
9543893
1401970
8057488
0
145
810138
628956
128203
276451
562507
203316
448414
183574
452244
23792
2408388
69645
682181
15136800
