503
484
484
484
490
631
626
607
631
609
609
610
632
549
277
273
276
261
275
265
267
273
262
255
261
269
285
259
277
255
268
273
264
252
2093
2393
2268
2226
2253
2170
2193
2321
2234
2152
4389
5220
5180
4886
5224
4891
4824
5063
4903
4615
549
560
532
573
559
582
573
578
572
546
1560
1606
1565
1595
1572
1558
1590
1587
1581
1526
808
1076
983
1079
1099
902
1059
1101
1101
1027
506
499
462
484
501
490
494
506
482
480
294
308
300
301
299
291
301
304
304
301
1654
1699
1640
1727
1692
1687
1665
1717
1702
1640
1028
1084
1062
1064
1062
1063
1077
1050
1056
1040
2226
2384
2395
2304
2352
2294
2374
2296
2256
2184
199
371
365
376
371
226
371
377
367
338
1745
1818
1853
1833
1837
1765
1818
1813
1803
1717
1025
1063
1043
1069
1059
1025
1065
1072
1062
1007
744
737
700
752
719
697
728
773
722
732
1540
1611
1376
1406
1629
1511
1487
1590
1416
1449
119
168
156
174
169
102
174
178
162
167
1290
1089
1172
1107
1107
1097
1010
1147
1056
1114
1871
2061
2034
1983
2064
1802
1987
2066
1950
1923
927
944
963
935
960
932
954
960
939
889
204
250
188
204
199
197
201
208
200
207
546
554
539
547
529
549
557
563
549
505
102
98
93
104
99
94
102
104
99
99
1579
1654
1690
1639
1632
1584
1642
1579
1583
1534
165
181
167
177
171
161
178
175
174
165
835
877
876
875
859
799
823
893
813
831
1310
1643
1507
1529
1511
1504
1498
1496
1489
1488
827
826
846
852
832
835
857
848
827
797
492
516
505
526
503
505
509
517
502
505
2407
2521
2519
2437
2527
2416
2443
2543
2456
2371
759
784
790
795
784
763
809
802
788
780
2186
2350
2398
2365
2321
2310
2373
2418
2365
2305
1562
1774
1690
1652
1663
1571
1601
1680
1636
1574
5221
6345
5635
5577
5788
5548
5474
5771
5368
5393
1757
1895
1822
1838
1814
1752
1798
1833
1822
1759
1205
1165
1131
1101
1175
1162
1132
1151
1141
1161
15671
14668
15176
16384
15755
15266
14666
15742
14943
15369
950
947
932
916
1010
1107
937
944
983
892
1887
1903
1816
1662
1989
1886
1777
1877
1892
1695
3952
4422
4133
3911
4453
4137
4264
4259
4162
4005
1943
1961
1947
1890
1987
1997
1921
1957
1931
1841
4079
4030
3892
3878
4133
4099
3994
4070
3972
3786
271
267
255
271
267
266
270
276
275
273
110
102
100
107
103
104
107
110
107
104
157
159
149
151
152
150
159
159
149
148
165
182
167
176
171
161
182
175
174
165
623
759
725
776
766
595
735
777
756
771
283
514
287
306
277
265
285
288
284
290
3674
3822
3662
3680
3787
3725
3839
3654
3770
3641
553
588
538
557
577
558
587
581
582
549
1648
1716
1643
1631
1688
1750
1723
1645
1671
1650
2481
2866
2843
2769
2837
2752
2802
2720
2734
2708
533
551
564
559
538
539
532
566
547
502
1168
1271
1253
1221
1247
1177
1225
1245
1223
1176
1766
1800
1822
1683
1832
1744
1748
1749
1668
1670
1300
1327
1325
1288
1342
1255
1314
1284
1272
1272
1931
2021
1929
1889
1966
1904
1894
1942
1884
1855
2436
2516
2515
2494
2584
2523
2546
2491
2544
2393
1698
1835
1772
1721
1794
1681
1730
1746
1737
1649
1907
2065
2047
2001
2061
2006
2140
2022
1937
1928
710
745
755
649
845
640
674
727
698
699
2312
2503
2522
2460
2504
2380
2469
2459
2649
2422
666
676
660
672
659
679
656
673
677
646
918
932
906
933
948
969
934
917
960
909
467
464
470
451
482
477
458
456
479
442
1339
1812
1776
1696
1777
1401
1782
1798
1687
1674
853
903
893
861
901
894
887
886
905
860
620
640
627
628
624
628
633
630
622
606
1782
1846
1891
1881
1884
1890
1904
1817
1819
1795
1105
1149
1142
1120
1147
1131
1138
1105
1139
1085
511
560
544
539
554
524
558
525
533
508
905
992
972
955
970
956
1000
937
989
882
785
798
812
796
802
793
768
789
791
799
1105408
1105408
1105408
169
38
38
162
36
38
38
36
493
547
547
549
36
38
38
36
259072
352
89088
118544
192512
2113
22288
604432
129808
1143
135168
94794
3266
3643
790528
3282
3714
3681
3697
3729
3282
6536
3658
3673
3677
6544
3487
60531
27136
55296
391
110592
381
232448
434
426
392
212992
375
381
410
373
374
750
750
389
379
53853
53853
11039
10303
10308
11084
5955
6047
2782
4096
124904
118991
109263
380928
129341
124138
125468
118991
10082
122950
123315
151367
118572
13802
380928
118185
11044
5433831
113023
124904
245760
118991
109263
129341
124138
125468
10916
118991
120652
118341
123315
151367
114083
5389189
0
27310840
15632604
9840776
4477
5829328
17596150
49152
371251
27378034
83
816
816
789
506
506
62140
807
807
778
206
206
198
261
261
284
37
558
552
552
184718
85
1253376
3492
1253376
3780
3403
3786
3450
3403
3403
3673
3635
98657
233472
609
1830
24879
5340
1732608
1732608
5486
5159
5523
5430
4993
5012
5319
5190
4920
1406778
5258
1406778
36
675840
368327
368327
31744
106496
14926
1495552
316416
276
360448
274
274
272
273
325
273
274
272
1327104
1368064
1425408
472
86016
455
454
454
459
451
896
896
455
461
89600
733184
7841
1618
76
1174
1150976
1284
1125
1250
1166
1166
1153
1207
1179
19725
302
326
302
344
295
301
301
319
308
29321
4815
75264
385024
152576
17920
655360
32256
555520
19417
524
1146
426
524
8547
3626
5660
1750
478
53248
458
458
459
459
455
886
886
467
465
63079
1309
11032
1200984
78848
1347344
921872
970912
277776
326656
131072
5388
90628
759
344064
2
2
2
4
492304
114960
452608
110592
638
2015232
631
599
610
620
1160
2683
1186
1186
630
607
50176
991
75536
233472
200704
296
155648
1509494
174352
196880
3182
3515
7756
8505
7801
8061
8383
7939
7654
11606
7906
7906
8028
14776
7616
1308
2287
470
94208
454
454
455
447
451
878
878
455
461
333
393216
338
315
338
329
347
347
336
329
4413
4799
4819
4864
4348
9212
9212
4486
4487
16896
196608
232
192784
200704
325317
233472
193
77312
38
41
1110528
39
42
38
38
36
39
644206
29696
6554576
2095
2298
315392
2255
2264
2309
2206
2095
3592
4598
4598
2159
4172
2140
681
159744
720
705
722
714
681
681
720
692
208896
212992
886
36864
45056
36864
